#
# Model SUB1 1.04 Msun 
# 
#texp[d] Lbol Luvoir then U B V R I J H K @ 10pc
    0.75  9.0694e+39  4.9517e+39   -5.777   -8.451  -11.106  -11.829  -11.755  -12.721  -12.632  -12.706
    0.82  1.3551e+40  8.4736e+39   -7.094   -9.858  -11.841  -12.386  -12.214  -12.839  -12.888  -12.967
    0.91  2.0735e+40  1.3728e+40   -9.131  -10.856  -12.413  -12.806  -12.600  -13.148  -13.241  -13.322
    1.00  3.0208e+40  2.0690e+40  -10.296  -11.546  -12.852  -13.172  -12.948  -13.464  -13.562  -13.648
    1.10  4.2320e+40  2.9653e+40  -11.086  -12.081  -13.233  -13.499  -13.263  -13.766  -13.857  -13.950
    1.21  5.8204e+40  4.1579e+40  -11.744  -12.556  -13.590  -13.802  -13.564  -14.057  -14.137  -14.238
    1.33  7.9567e+40  5.7906e+40  -12.346  -13.008  -13.934  -14.098  -13.870  -14.340  -14.409  -14.519
    1.46  1.0834e+41  8.0267e+40  -12.913  -13.451  -14.267  -14.388  -14.170  -14.620  -14.679  -14.792
    1.61  1.4704e+41  1.1087e+41  -13.450  -13.893  -14.590  -14.675  -14.455  -14.897  -14.947  -15.054
    1.77  1.9865e+41  1.5233e+41  -13.948  -14.328  -14.899  -14.959  -14.732  -15.171  -15.211  -15.300
    1.95  2.6699e+41  2.0804e+41  -14.423  -14.749  -15.191  -15.238  -15.007  -15.442  -15.467  -15.528
    2.14  3.5873e+41  2.8391e+41  -14.914  -15.152  -15.472  -15.514  -15.288  -15.704  -15.711  -15.743
    2.35  4.8047e+41  3.8586e+41  -15.424  -15.521  -15.739  -15.785  -15.574  -15.960  -15.945  -15.948
    2.59  6.4132e+41  5.2221e+41  -15.935  -15.854  -15.995  -16.050  -15.858  -16.205  -16.167  -16.148
    2.85  8.5450e+41  7.0452e+41  -16.415  -16.161  -16.241  -16.313  -16.164  -16.436  -16.379  -16.345
    3.13  1.1334e+42  9.4341e+41  -16.847  -16.449  -16.479  -16.575  -16.484  -16.653  -16.580  -16.537
    3.45  1.4876e+42  1.2453e+42  -17.229  -16.720  -16.709  -16.827  -16.771  -16.855  -16.771  -16.724
    3.79  1.9330e+42  1.6231e+42  -17.586  -16.974  -16.934  -17.068  -17.023  -17.042  -16.952  -16.904
    4.17  2.4823e+42  2.0854e+42  -17.918  -17.208  -17.153  -17.298  -17.253  -17.218  -17.122  -17.074
    4.59  3.1377e+42  2.6307e+42  -18.204  -17.433  -17.368  -17.519  -17.469  -17.386  -17.279  -17.233
    5.05  3.9329e+42  3.2863e+42  -18.464  -17.657  -17.585  -17.740  -17.685  -17.554  -17.422  -17.381
    5.55  4.8584e+42  4.0348e+42  -18.695  -17.874  -17.795  -17.948  -17.885  -17.716  -17.552  -17.517
    6.11  5.8836e+42  4.8652e+42  -18.898  -18.087  -17.996  -18.140  -18.063  -17.866  -17.663  -17.636
    6.72  6.9923e+42  5.7819e+42  -19.085  -18.289  -18.189  -18.317  -18.221  -17.998  -17.754  -17.736
    7.39  8.1709e+42  6.7799e+42  -19.258  -18.478  -18.372  -18.477  -18.356  -18.107  -17.820  -17.813
    8.13  9.3901e+42  7.8323e+42  -19.414  -18.653  -18.544  -18.619  -18.468  -18.187  -17.859  -17.867
    8.94  1.0604e+43  8.9033e+42  -19.553  -18.814  -18.703  -18.743  -18.555  -18.233  -17.868  -17.897
    9.83  1.1754e+43  9.9466e+42  -19.671  -18.958  -18.848  -18.848  -18.616  -18.242  -17.846  -17.903
   10.82  1.2777e+43  1.0911e+43  -19.767  -19.083  -18.978  -18.937  -18.655  -18.217  -17.795  -17.889
   11.90  1.3615e+43  1.1741e+43  -19.837  -19.190  -19.093  -19.012  -18.676  -18.159  -17.719  -17.858
   13.09  1.4212e+43  1.2385e+43  -19.879  -19.276  -19.192  -19.075  -18.681  -18.074  -17.624  -17.821
   14.40  1.4522e+43  1.2790e+43  -19.889  -19.339  -19.272  -19.124  -18.669  -17.964  -17.521  -17.786
   15.84  1.4502e+43  1.2904e+43  -19.865  -19.379  -19.330  -19.155  -18.637  -17.833  -17.432  -17.760
   17.42  1.4122e+43  1.2686e+43  -19.803  -19.387  -19.359  -19.167  -18.596  -17.692  -17.390  -17.744
   19.16  1.3368e+43  1.2104e+43  -19.701  -19.355  -19.352  -19.151  -18.562  -17.551  -17.417  -17.748
   21.08  1.2213e+43  1.1124e+43  -19.561  -19.274  -19.299  -19.095  -18.514  -17.368  -17.498  -17.783
   23.19  1.0653e+43  9.7430e+42  -19.382  -19.140  -19.193  -18.971  -18.395  -17.023  -17.575  -17.824
   25.51  8.8707e+42  8.1250e+42  -19.163  -18.955  -19.034  -18.774  -18.179  -16.504  -17.581  -17.806
   28.06  7.2410e+42  6.6190e+42  -18.918  -18.739  -18.834  -18.563  -17.966  -16.125  -17.553  -17.756
   30.86  5.9256e+42  5.3965e+42  -18.670  -18.517  -18.624  -18.368  -17.774  -15.894  -17.499  -17.688
   33.95  4.9064e+42  4.4503e+42  -18.444  -18.308  -18.415  -18.186  -17.580  -15.707  -17.400  -17.594
   37.34  4.1087e+42  3.7126e+42  -18.246  -18.118  -18.203  -18.005  -17.374  -15.513  -17.255  -17.471
   41.08  3.4605e+42  3.1151e+42  -18.069  -17.939  -17.986  -17.817  -17.155  -15.298  -17.073  -17.325
   45.19  2.9350e+42  2.6348e+42  -17.914  -17.772  -17.764  -17.634  -16.926  -15.053  -16.857  -17.174
   49.71  2.4477e+42  2.1893e+42  -17.718  -17.577  -17.546  -17.434  -16.691  -14.792  -16.643  -17.002
   54.68  2.0312e+42  1.8105e+42  -17.509  -17.378  -17.330  -17.226  -16.438  -14.492  -16.418  -16.824
   60.14  1.6726e+42  1.4863e+42  -17.285  -17.174  -17.105  -17.003  -16.160  -14.145  -16.175  -16.640
   66.16  1.3668e+42  1.2112e+42  -17.047  -16.964  -16.870  -16.761  -15.865  -13.754  -15.910  -16.450
   72.77  1.1107e+42  9.8107e+41  -16.791  -16.747  -16.630  -16.499  -15.569  -13.335  -15.624  -16.255
   80.05  8.9867e+41  7.9046e+41  -16.517  -16.521  -16.390  -16.218  -15.284  -12.907  -15.323  -16.057
   88.06  7.2391e+41  6.3334e+41  -16.219  -16.286  -16.153  -15.921  -15.013  -12.485  -15.009  -15.856
   96.86  5.8051e+41  5.0457e+41  -15.899  -16.042  -15.919  -15.608  -14.753  -12.074  -14.682  -15.655
  106.55  4.6354e+41  3.9986e+41  -15.557  -15.791  -15.687  -15.282  -14.497  -11.676  -14.342  -15.454
  116.55  3.7291e+41  3.1914e+41  -15.216  -15.547  -15.467  -14.962  -14.254  -11.311  -14.009  -15.264
  126.55  3.0361e+41  2.5779e+41  -14.890  -15.316  -15.261  -14.655  -14.024  -10.919  -13.689  -15.090
  136.55  2.5079e+41  2.1132e+41  -14.585  -15.100  -15.071  -14.368  -13.812  -10.616  -13.385  -14.933
  146.55  2.0949e+41  1.7520e+41  -14.297  -14.897  -14.891  -14.096  -13.611  -10.340  -13.095  -14.788
  156.55  1.7670e+41  1.4670e+41  -14.025  -14.705  -14.720  -13.837  -13.422  -10.086  -12.815  -14.655
  166.55  1.5032e+41  1.2389e+41  -13.769  -14.521  -14.556  -13.590  -13.241   -9.852  -12.547  -14.530
  176.55  1.2883e+41  1.0542e+41  -13.525  -14.346  -14.399  -13.355  -13.069   -9.635  -12.289  -14.413
  186.55  1.1112e+41  9.0293e+40  -13.293  -14.178  -14.248  -13.129  -12.905   -9.433  -12.039  -14.301
  196.55  9.6391e+40  7.7782e+40  -13.070  -14.016  -14.102  -12.912  -12.748   -9.245  -11.799  -14.193
  206.55  8.4024e+40  6.7342e+40  -12.856  -13.859  -13.960  -12.703  -12.597   -9.068  -11.566  -14.089
  216.55  7.3523e+40  5.8510e+40  -12.649  -13.706  -13.820  -12.502  -12.453   -8.902  -11.340  -13.985
#
# Model SUB2 1.02 Msun 
# 
#texp[d] Lbol Luvoir then U B V R I J H K @ 10pc
    0.75  7.7685e+39  3.7218e+39   -5.210   -7.500  -10.749  -11.531  -11.542  -12.646  -12.695  -12.724
    0.82  1.3175e+40  7.8683e+39   -5.815   -9.273  -11.665  -12.380  -12.255  -12.884  -12.948  -13.007
    0.91  2.1339e+40  1.3745e+40   -7.705  -10.464  -12.407  -12.884  -12.722  -13.239  -13.326  -13.389
    1.00  3.2481e+40  2.2044e+40   -9.546  -11.427  -12.953  -13.267  -13.109  -13.570  -13.664  -13.729
    1.10  4.6461e+40  3.2631e+40  -10.626  -12.099  -13.370  -13.586  -13.453  -13.872  -13.955  -14.030
    1.21  6.4322e+40  4.6177e+40  -11.405  -12.624  -13.731  -13.886  -13.761  -14.165  -14.236  -14.319
    1.33  8.7725e+40  6.4093e+40  -12.080  -13.091  -14.064  -14.178  -14.053  -14.451  -14.510  -14.599
    1.46  1.1969e+41  8.8938e+40  -12.703  -13.547  -14.389  -14.477  -14.347  -14.737  -14.785  -14.879
    1.61  1.6469e+41  1.2462e+41  -13.310  -14.016  -14.716  -14.788  -14.641  -15.024  -15.062  -15.158
    1.77  2.2850e+41  1.7621e+41  -13.894  -14.500  -15.041  -15.110  -14.927  -15.314  -15.342  -15.433
    1.95  3.1660e+41  2.4844e+41  -14.431  -14.970  -15.356  -15.433  -15.205  -15.604  -15.621  -15.693
    2.14  4.3503e+41  3.4652e+41  -14.948  -15.404  -15.656  -15.748  -15.477  -15.887  -15.892  -15.935
    2.35  5.9585e+41  4.8129e+41  -15.494  -15.809  -15.942  -16.049  -15.758  -16.161  -16.147  -16.159
    2.59  8.1436e+41  6.6769e+41  -16.055  -16.184  -16.214  -16.339  -16.083  -16.412  -16.377  -16.364
    2.85  1.1145e+42  9.2747e+41  -16.609  -16.528  -16.474  -16.621  -16.437  -16.641  -16.583  -16.553
    3.13  1.5105e+42  1.2714e+42  -17.099  -16.839  -16.727  -16.890  -16.766  -16.849  -16.769  -16.728
    3.45  2.0078e+42  1.7002e+42  -17.519  -17.119  -16.970  -17.139  -17.048  -17.041  -16.939  -16.891
    3.79  2.6314e+42  2.2318e+42  -17.919  -17.361  -17.205  -17.370  -17.291  -17.218  -17.094  -17.042
    4.17  3.3807e+42  2.8567e+42  -18.267  -17.571  -17.428  -17.583  -17.504  -17.382  -17.234  -17.183
    4.59  4.2312e+42  3.5457e+42  -18.536  -17.768  -17.641  -17.780  -17.694  -17.533  -17.358  -17.313
    5.05  5.1666e+42  4.2972e+42  -18.756  -17.968  -17.844  -17.963  -17.865  -17.672  -17.465  -17.430
    5.55  6.1865e+42  5.1338e+42  -18.954  -18.169  -18.040  -18.133  -18.017  -17.796  -17.554  -17.533
    6.11  7.2993e+42  6.0607e+42  -19.140  -18.362  -18.227  -18.289  -18.152  -17.903  -17.625  -17.619
    6.72  8.4850e+42  7.0640e+42  -19.313  -18.542  -18.403  -18.430  -18.266  -17.985  -17.674  -17.686
    7.39  9.7053e+42  8.1102e+42  -19.469  -18.708  -18.566  -18.553  -18.357  -18.038  -17.700  -17.732
    8.13  1.0902e+43  9.1566e+42  -19.606  -18.858  -18.714  -18.661  -18.428  -18.061  -17.702  -17.759
    8.94  1.2035e+43  1.0174e+43  -19.723  -18.992  -18.850  -18.756  -18.481  -18.057  -17.683  -17.771
    9.83  1.3053e+43  1.1125e+43  -19.820  -19.110  -18.972  -18.840  -18.523  -18.031  -17.649  -17.770
   10.82  1.3915e+43  1.1969e+43  -19.893  -19.210  -19.081  -18.918  -18.557  -17.989  -17.603  -17.762
   11.90  1.4582e+43  1.2666e+43  -19.941  -19.293  -19.177  -18.990  -18.584  -17.936  -17.552  -17.755
   13.09  1.5011e+43  1.3168e+43  -19.963  -19.357  -19.258  -19.053  -18.600  -17.875  -17.499  -17.752
   14.40  1.5137e+43  1.3405e+43  -19.953  -19.401  -19.319  -19.101  -18.600  -17.810  -17.442  -17.749
   15.84  1.4882e+43  1.3292e+43  -19.907  -19.414  -19.353  -19.129  -18.582  -17.744  -17.392  -17.744
   17.42  1.4211e+43  1.2778e+43  -19.818  -19.389  -19.349  -19.135  -18.572  -17.693  -17.394  -17.752
   19.16  1.3135e+43  1.1858e+43  -19.689  -19.315  -19.299  -19.110  -18.569  -17.633  -17.473  -17.794
   21.08  1.1686e+43  1.0571e+43  -19.524  -19.193  -19.205  -19.032  -18.528  -17.483  -17.578  -17.854
   23.19  9.9901e+42  9.0557e+42  -19.330  -19.035  -19.068  -18.883  -18.395  -17.081  -17.605  -17.874
   25.51  8.2762e+42  7.5143e+42  -19.119  -18.850  -18.887  -18.679  -18.181  -16.461  -17.514  -17.820
   28.06  6.8184e+42  6.1753e+42  -18.902  -18.653  -18.670  -18.462  -17.994  -16.091  -17.445  -17.755
   30.86  5.7101e+42  5.1372e+42  -18.686  -18.456  -18.444  -18.276  -17.902  -16.022  -17.435  -17.705
   33.95  4.9258e+42  4.3455e+42  -18.466  -18.249  -18.236  -18.148  -17.896  -16.447  -17.652  -17.799
   37.34  4.2350e+42  3.6516e+42  -18.253  -18.025  -18.027  -18.023  -17.823  -16.705  -17.752  -17.814
   41.08  3.5092e+42  2.9996e+42  -18.004  -17.792  -17.823  -17.851  -17.661  -16.496  -17.612  -17.622
   45.19  2.8947e+42  2.4680e+42  -17.762  -17.575  -17.628  -17.672  -17.445  -16.180  -17.394  -17.400
   49.71  2.3895e+42  2.0385e+42  -17.533  -17.373  -17.434  -17.486  -17.196  -15.823  -17.153  -17.184
   54.68  1.9744e+42  1.6890e+42  -17.312  -17.185  -17.235  -17.289  -16.928  -15.432  -16.897  -16.972
   60.14  1.6308e+42  1.4004e+42  -17.092  -17.004  -17.029  -17.075  -16.652  -15.013  -16.628  -16.763
   66.16  1.3433e+42  1.1580e+42  -16.863  -16.823  -16.818  -16.845  -16.373  -14.573  -16.346  -16.555
   72.77  1.1012e+42  9.5221e+41  -16.617  -16.634  -16.602  -16.597  -16.094  -14.114  -16.050  -16.347
   80.05  8.9732e+41  7.7745e+41  -16.350  -16.437  -16.382  -16.330  -15.817  -13.640  -15.735  -16.138
   88.06  7.2661e+41  6.2990e+41  -16.061  -16.229  -16.159  -16.044  -15.542  -13.161  -15.396  -15.929
   96.86  5.8481e+41  5.0643e+41  -15.750  -16.010  -15.934  -15.738  -15.269  -12.697  -15.029  -15.718
  106.55  4.6808e+41  4.0419e+41  -15.419  -15.781  -15.707  -15.413  -14.996  -12.270  -14.636  -15.507
  116.55  3.7705e+41  3.2417e+41  -15.089  -15.554  -15.489  -15.087  -14.735  -11.921  -14.251  -15.310
  126.55  3.0767e+41  2.6307e+41  -14.773  -15.338  -15.285  -14.774  -14.491  -11.655  -13.898  -15.131
  136.55  2.5403e+41  2.1580e+41  -14.471  -15.130  -15.092  -14.473  -14.266  -11.437  -13.579  -14.969
  146.55  2.1267e+41  1.7940e+41  -14.194  -14.936  -14.912  -14.190  -14.056  -11.281  -13.299  -14.823
  156.55  1.7957e+41  1.5036e+41  -13.928  -14.747  -14.740  -13.922  -13.862  -11.156  -13.050  -14.689
  166.55  1.5281e+41  1.2698e+41  -13.673  -14.566  -14.575  -13.670  -13.684  -11.047  -12.828  -14.564
  176.55  1.3096e+41  1.0797e+41  -13.429  -14.390  -14.416  -13.432  -13.517  -10.949  -12.630  -14.447
  186.55  1.1293e+41  9.2377e+40  -13.196  -14.220  -14.263  -13.207  -13.360  -10.858  -12.451  -14.334
  196.55  9.7913e+40  7.9466e+40  -12.972  -14.054  -14.113  -12.994  -13.210  -10.776  -12.291  -14.226
  206.55  8.5308e+40  6.8694e+40  -12.758  -13.894  -13.968  -12.791  -13.067  -10.702  -12.147  -14.121
  216.55  7.4645e+40  5.9639e+40  -12.552  -13.738  -13.826  -12.596  -12.928  -10.638  -12.017  -14.017
#
# Model CHAN 1.4 Msun 
# 
#texp[d] Lbol Luvoir then U B V R I J H K @ 10pc
    0.75  3.0014e+39  1.1629e+39   -3.776   -6.066   -9.000  -10.226  -10.440  -11.821  -11.900  -12.055
    0.82  4.1595e+39  1.9311e+39   -3.735   -6.843   -9.529  -10.844  -10.902  -12.028  -12.050  -12.219
    0.91  6.6317e+39  3.5192e+39   -4.420   -7.909  -10.417  -11.528  -11.466  -12.382  -12.391  -12.506
    1.00  1.0519e+40  6.0192e+39   -5.280   -8.775  -11.208  -12.108  -12.009  -12.737  -12.782  -12.857
    1.10  1.5737e+40  9.4420e+39   -6.221   -9.525  -11.825  -12.572  -12.461  -13.054  -13.144  -13.212
    1.21  2.3692e+40  1.4801e+40   -7.568  -10.357  -12.405  -13.015  -12.872  -13.411  -13.510  -13.576
    1.33  3.3152e+40  2.1369e+40   -8.734  -11.053  -12.842  -13.355  -13.217  -13.699  -13.812  -13.884
    1.46  4.6750e+40  3.1138e+40   -9.874  -11.726  -13.267  -13.692  -13.555  -13.996  -14.110  -14.184
    1.61  6.4944e+40  4.4466e+40  -10.766  -12.300  -13.666  -14.002  -13.878  -14.286  -14.395  -14.473
    1.77  8.9130e+40  6.2428e+40  -11.506  -12.808  -14.046  -14.294  -14.184  -14.572  -14.669  -14.755
    1.95  1.2810e+41  9.1926e+40  -12.390  -13.385  -14.461  -14.618  -14.516  -14.898  -14.982  -15.079
    2.14  1.7320e+41  1.2647e+41  -12.981  -13.828  -14.792  -14.909  -14.803  -15.176  -15.249  -15.352
    2.35  2.3756e+41  1.7682e+41  -13.593  -14.298  -15.130  -15.214  -15.095  -15.458  -15.527  -15.633
    2.59  3.2941e+41  2.5015e+41  -14.196  -14.788  -15.467  -15.531  -15.387  -15.745  -15.811  -15.911
    2.85  4.8124e+41  3.7400e+41  -14.891  -15.365  -15.834  -15.884  -15.702  -16.071  -16.132  -16.203
    3.13  6.4920e+41  5.1249e+41  -15.358  -15.788  -16.124  -16.176  -15.964  -16.335  -16.384  -16.423
    3.45  8.7873e+41  7.0472e+41  -15.864  -16.201  -16.404  -16.461  -16.240  -16.593  -16.619  -16.630
    3.79  1.1882e+42  9.6854e+41  -16.404  -16.586  -16.669  -16.736  -16.535  -16.833  -16.833  -16.822
    4.17  1.6036e+42  1.3280e+42  -16.948  -16.931  -16.920  -17.005  -16.854  -17.054  -17.027  -17.002
    4.59  2.1413e+42  1.7950e+42  -17.437  -17.234  -17.159  -17.264  -17.163  -17.259  -17.205  -17.170
    5.05  2.7956e+42  2.3604e+42  -17.838  -17.505  -17.389  -17.506  -17.433  -17.448  -17.369  -17.328
    5.55  3.5721e+42  3.0288e+42  -18.191  -17.744  -17.607  -17.731  -17.667  -17.625  -17.522  -17.475
    6.11  4.4846e+42  3.8123e+42  -18.524  -17.950  -17.814  -17.939  -17.873  -17.790  -17.661  -17.612
    6.72  5.5127e+42  4.6894e+42  -18.809  -18.131  -18.008  -18.131  -18.058  -17.942  -17.784  -17.735
    7.39  6.6287e+42  5.6298e+42  -19.039  -18.296  -18.190  -18.308  -18.224  -18.080  -17.890  -17.844
    8.13  7.7929e+42  6.6030e+42  -19.218  -18.455  -18.361  -18.471  -18.371  -18.203  -17.975  -17.936
    8.94  8.9544e+42  7.5972e+42  -19.363  -18.616  -18.523  -18.620  -18.500  -18.306  -18.036  -18.008
    9.83  1.0110e+43  8.6099e+42  -19.490  -18.767  -18.674  -18.755  -18.611  -18.387  -18.072  -18.058
   10.82  1.1214e+43  9.6040e+42  -19.599  -18.905  -18.814  -18.875  -18.703  -18.441  -18.082  -18.087
   11.90  1.2208e+43  1.0524e+43  -19.687  -19.025  -18.941  -18.980  -18.773  -18.470  -18.070  -18.099
   13.09  1.3024e+43  1.1308e+43  -19.748  -19.127  -19.054  -19.069  -18.822  -18.475  -18.041  -18.099
   14.40  1.3586e+43  1.1886e+43  -19.776  -19.209  -19.151  -19.143  -18.853  -18.458  -18.002  -18.095
   15.84  1.3876e+43  1.2233e+43  -19.771  -19.269  -19.228  -19.199  -18.868  -18.417  -17.957  -18.085
   17.42  1.3835e+43  1.2293e+43  -19.729  -19.304  -19.284  -19.233  -18.866  -18.348  -17.906  -18.072
   19.16  1.3449e+43  1.2038e+43  -19.647  -19.309  -19.312  -19.243  -18.850  -18.253  -17.867  -18.063
   21.08  1.2726e+43  1.1456e+43  -19.527  -19.275  -19.308  -19.221  -18.825  -18.147  -17.879  -18.074
   23.19  1.1636e+43  1.0518e+43  -19.367  -19.194  -19.263  -19.152  -18.776  -17.987  -17.932  -18.104
   25.51  1.0181e+43  9.2382e+42  -19.163  -19.058  -19.174  -19.019  -18.677  -17.668  -17.982  -18.124
   28.06  8.5232e+42  7.7446e+42  -18.910  -18.860  -19.034  -18.823  -18.529  -17.154  -17.992  -18.114
   30.86  7.0587e+42  6.3620e+42  -18.622  -18.608  -18.855  -18.620  -18.438  -16.857  -18.066  -18.127
   33.95  6.0001e+42  5.3185e+42  -18.323  -18.332  -18.681  -18.481  -18.447  -16.825  -18.184  -18.172
   37.34  5.2728e+42  4.5419e+42  -18.030  -18.050  -18.510  -18.411  -18.492  -17.027  -18.341  -18.273
   41.08  4.6267e+42  3.8234e+42  -17.749  -17.766  -18.308  -18.317  -18.456  -17.380  -18.424  -18.332
   45.19  3.8266e+42  3.1174e+42  -17.520  -17.538  -18.069  -18.127  -18.250  -17.222  -18.223  -18.106
   49.71  3.1074e+42  2.5313e+42  -17.318  -17.333  -17.836  -17.914  -17.981  -16.860  -17.936  -17.796
   54.68  2.5574e+42  2.0952e+42  -17.153  -17.171  -17.625  -17.710  -17.695  -16.460  -17.633  -17.499
   60.14  2.1264e+42  1.7564e+42  -17.004  -17.032  -17.425  -17.508  -17.408  -16.047  -17.335  -17.229
   66.16  1.7714e+42  1.4767e+42  -16.849  -16.895  -17.225  -17.300  -17.121  -15.617  -17.040  -16.977
   72.77  1.4701e+42  1.2364e+42  -16.678  -16.749  -17.017  -17.080  -16.836  -15.170  -16.740  -16.735
   80.05  1.2115e+42  1.0270e+42  -16.487  -16.586  -16.801  -16.844  -16.553  -14.704  -16.429  -16.496
   88.06  9.9005e+41  8.4429e+41  -16.274  -16.404  -16.575  -16.589  -16.272  -14.220  -16.101  -16.254
   96.86  8.0157e+41  6.8606e+41  -16.036  -16.201  -16.338  -16.314  -15.994  -13.723  -15.744  -16.007
  106.55  6.4272e+41  5.5044e+41  -15.770  -15.978  -16.089  -16.016  -15.719  -13.231  -15.348  -15.752
  116.55  5.1643e+41  4.4108e+41  -15.486  -15.748  -15.845  -15.712  -15.461  -12.801  -14.937  -15.502
  126.55  4.1866e+41  3.5554e+41  -15.193  -15.522  -15.611  -15.411  -15.222  -12.463  -14.535  -15.267
  136.55  3.4262e+41  2.8859e+41  -14.894  -15.302  -15.390  -15.116  -15.000  -12.212  -14.158  -15.049
  146.55  2.8296e+41  2.3593e+41  -14.594  -15.087  -15.179  -14.830  -14.792  -12.032  -13.823  -14.848
  156.55  2.3545e+41  1.9402e+41  -14.295  -14.876  -14.976  -14.554  -14.599  -11.890  -13.533  -14.663
  166.55  1.9776e+41  1.6091e+41  -14.001  -14.673  -14.782  -14.293  -14.421  -11.786  -13.288  -14.491
  176.55  1.6416e+41  1.3171e+41  -13.693  -14.449  -14.576  -14.030  -14.245  -11.713  -13.082  -14.299
  186.55  1.4251e+41  1.1283e+41  -13.433  -14.279  -14.417  -13.815  -14.099  -11.609  -12.909  -14.174
  196.55  1.2238e+41  9.5489e+40  -13.170  -14.090  -14.243  -13.598  -13.955  -11.525  -12.761  -14.027
  206.55  1.0554e+41  8.1111e+40  -12.911  -13.903  -14.071  -13.392  -13.818  -11.447  -12.634  -13.884
  216.55  9.1412e+40  6.9160e+40  -12.658  -13.718  -13.902  -13.196  -13.686  -11.375  -12.524  -13.745
#
# Model SUP 1.7 Msun 
# 
#texp[d] Lbol Luvoir then U B V R I J H K @ 10pc
    0.75  1.5949e+39  4.0781e+38   -2.370   -4.678   -7.380   -8.951   -9.540  -11.231  -11.527  -11.770
    0.82  2.2078e+39  7.9922e+38   -2.439   -5.204   -8.104   -9.794  -10.111  -11.483  -11.581  -11.927
    0.91  3.5626e+39  1.5711e+39   -3.141   -6.328   -9.068  -10.594  -10.737  -11.907  -11.902  -12.195
    1.00  5.6989e+39  2.8084e+39   -3.981   -7.378   -9.936  -11.267  -11.285  -12.321  -12.303  -12.497
    1.10  8.9600e+39  4.7880e+39   -4.832   -8.292  -10.763  -11.860  -11.809  -12.698  -12.701  -12.829
    1.21  1.3694e+40  7.7663e+39   -5.632   -9.049  -11.463  -12.384  -12.309  -13.036  -13.079  -13.174
    1.33  2.0134e+40  1.1921e+40   -6.505   -9.745  -12.043  -12.830  -12.745  -13.350  -13.433  -13.511
    1.46  2.8958e+40  1.7777e+40   -7.587  -10.465  -12.555  -13.229  -13.128  -13.659  -13.765  -13.837
    1.61  4.0972e+40  2.6039e+40   -8.809  -11.182  -13.018  -13.593  -13.478  -13.957  -14.075  -14.144
    1.77  5.7322e+40  3.7599e+40   -9.904  -11.836  -13.441  -13.931  -13.811  -14.249  -14.370  -14.442
    1.95  7.9180e+40  5.3413e+40  -10.796  -12.408  -13.840  -14.244  -14.130  -14.534  -14.652  -14.725
    2.14  1.0825e+41  7.4757e+40  -11.534  -12.916  -14.226  -14.537  -14.433  -14.815  -14.925  -15.005
    2.35  1.4700e+41  1.0359e+41  -12.201  -13.388  -14.592  -14.823  -14.725  -15.095  -15.194  -15.280
    2.59  1.9941e+41  1.4313e+41  -12.845  -13.848  -14.940  -15.111  -15.014  -15.375  -15.462  -15.555
    2.85  2.7154e+41  1.9854e+41  -13.475  -14.310  -15.279  -15.407  -15.306  -15.656  -15.735  -15.834
    3.13  3.7217e+41  2.7736e+41  -14.094  -14.781  -15.615  -15.711  -15.597  -15.938  -16.011  -16.112
    3.45  5.1132e+41  3.8843e+41  -14.672  -15.257  -15.944  -16.019  -15.881  -16.219  -16.287  -16.382
    3.79  6.9948e+41  5.4090e+41  -15.192  -15.722  -16.257  -16.325  -16.155  -16.497  -16.558  -16.633
    4.17  9.4806e+41  7.4525e+41  -15.676  -16.161  -16.554  -16.620  -16.419  -16.764  -16.811  -16.860
    4.59  1.2732e+42  1.0165e+42  -16.154  -16.573  -16.832  -16.900  -16.684  -17.017  -17.043  -17.064
    5.05  1.6929e+42  1.3724e+42  -16.638  -16.953  -17.093  -17.166  -16.955  -17.251  -17.251  -17.249
    5.55  2.2278e+42  1.8329e+42  -17.121  -17.295  -17.336  -17.420  -17.238  -17.466  -17.438  -17.417
    6.11  2.8956e+42  2.4136e+42  -17.576  -17.595  -17.563  -17.662  -17.521  -17.663  -17.608  -17.571
    6.72  3.6929e+42  3.1099e+42  -17.969  -17.861  -17.778  -17.890  -17.779  -17.843  -17.761  -17.712
    7.39  4.6096e+42  3.9122e+42  -18.304  -18.097  -17.980  -18.101  -18.004  -18.008  -17.899  -17.842
    8.13  5.6546e+42  4.8303e+42  -18.618  -18.303  -18.169  -18.295  -18.200  -18.157  -18.020  -17.957
    8.94  6.8369e+42  5.8708e+42  -18.930  -18.471  -18.347  -18.473  -18.374  -18.292  -18.122  -18.058
    9.83  8.1311e+42  6.9929e+42  -19.201  -18.603  -18.512  -18.635  -18.527  -18.411  -18.202  -18.140
   10.82  9.3817e+42  8.0807e+42  -19.383  -18.732  -18.665  -18.781  -18.657  -18.511  -18.258  -18.203
   11.90  1.0517e+43  9.0864e+42  -19.498  -18.867  -18.805  -18.910  -18.764  -18.589  -18.288  -18.245
   13.09  1.1538e+43  1.0011e+43  -19.586  -18.986  -18.933  -19.022  -18.849  -18.642  -18.295  -18.269
   14.40  1.2373e+43  1.0790e+43  -19.645  -19.088  -19.046  -19.116  -18.911  -18.669  -18.285  -18.280
   15.84  1.2955e+43  1.1359e+43  -19.667  -19.167  -19.143  -19.192  -18.953  -18.672  -18.262  -18.281
   17.42  1.3237e+43  1.1673e+43  -19.649  -19.223  -19.220  -19.248  -18.978  -18.646  -18.229  -18.275
   19.16  1.3195e+43  1.1706e+43  -19.591  -19.251  -19.275  -19.281  -18.986  -18.587  -18.189  -18.263
   21.08  1.2817e+43  1.1435e+43  -19.494  -19.246  -19.304  -19.287  -18.974  -18.495  -18.163  -18.260
   23.19  1.2076e+43  1.0823e+43  -19.357  -19.197  -19.300  -19.255  -18.941  -18.366  -18.175  -18.272
   25.51  1.0950e+43  9.8491e+42  -19.171  -19.090  -19.257  -19.174  -18.880  -18.162  -18.219  -18.291
   28.06  9.5087e+42  8.5634e+42  -18.930  -18.911  -19.169  -19.041  -18.792  -17.824  -18.283  -18.320
   30.86  8.0148e+42  7.1745e+42  -18.640  -18.655  -19.034  -18.877  -18.712  -17.439  -18.378  -18.369
   33.95  6.8293e+42  5.9969e+42  -18.320  -18.348  -18.868  -18.742  -18.715  -17.312  -18.536  -18.465
   37.34  5.9853e+42  5.1105e+42  -17.998  -18.037  -18.686  -18.656  -18.767  -17.346  -18.664  -18.559
   41.08  5.3462e+42  4.3813e+42  -17.693  -17.736  -18.484  -18.578  -18.789  -17.570  -18.745  -18.637
   45.19  4.5793e+42  3.6059e+42  -17.431  -17.473  -18.243  -18.405  -18.653  -17.739  -18.652  -18.539
   49.71  3.7061e+42  2.8940e+42  -17.213  -17.250  -17.995  -18.171  -18.401  -17.470  -18.390  -18.241
   54.68  3.0229e+42  2.3746e+42  -17.047  -17.084  -17.783  -17.949  -18.123  -17.070  -18.089  -17.907
   60.14  2.5096e+42  1.9915e+42  -16.916  -16.956  -17.595  -17.748  -17.844  -16.661  -17.791  -17.601
   66.16  2.1001e+42  1.6868e+42  -16.793  -16.844  -17.412  -17.553  -17.565  -16.242  -17.498  -17.321
   72.77  1.7551e+42  1.4277e+42  -16.658  -16.731  -17.224  -17.350  -17.286  -15.807  -17.204  -17.055
   80.05  1.4569e+42  1.1995e+42  -16.498  -16.604  -17.023  -17.132  -17.006  -15.353  -16.900  -16.793
   88.06  1.1983e+42  9.9711e+41  -16.309  -16.459  -16.809  -16.895  -16.724  -14.877  -16.581  -16.531
   96.86  9.7553e+41  8.1871e+41  -16.091  -16.292  -16.581  -16.638  -16.442  -14.382  -16.236  -16.262
  106.55  7.8548e+41  6.6291e+41  -15.846  -16.100  -16.338  -16.358  -16.162  -13.877  -15.853  -15.982
  116.55  6.3267e+41  5.3490e+41  -15.585  -15.892  -16.094  -16.068  -15.899  -13.417  -15.449  -15.703
  126.55  5.1312e+41  4.3291e+41  -15.318  -15.679  -15.857  -15.778  -15.658  -13.038  -15.039  -15.436
  136.55  4.1921e+41  3.5167e+41  -15.043  -15.463  -15.626  -15.489  -15.433  -12.751  -14.641  -15.183
  146.55  3.4497e+41  2.8683e+41  -14.760  -15.249  -15.402  -15.203  -15.222  -12.546  -14.275  -14.948
  156.55  2.8595e+41  2.3506e+41  -14.472  -15.035  -15.186  -14.924  -15.025  -12.404  -13.956  -14.729
  166.55  2.3875e+41  1.9363e+41  -14.180  -14.824  -14.977  -14.656  -14.841  -12.300  -13.690  -14.526
  176.55  2.0074e+41  1.6038e+41  -13.888  -14.616  -14.773  -14.401  -14.671  -12.214  -13.473  -14.336
  186.55  1.6989e+41  1.3356e+41  -13.598  -14.409  -14.576  -14.160  -14.513  -12.134  -13.296  -14.156
  196.55  1.4449e+41  1.1164e+41  -13.312  -14.204  -14.381  -13.931  -14.363  -12.049  -13.152  -13.983
  206.55  1.2374e+41  9.3911e+40  -13.033  -14.002  -14.192  -13.719  -14.222  -11.970  -13.033  -13.818
  216.55  1.0662e+41  7.9446e+40  -12.769  -13.805  -14.008  -13.519  -14.085  -11.895  -12.933  -13.656
